lr: [0.001, 0.0003]
wd: [0.0003, 0.0001, 0.00003, 0.00001]
bs: 24 * 2
sl: 32
large

just like E